9.303196685952312972e-01 1.345053240145001328e-01
9.742084662651701032e-01 1.593925545748421310e-02
9.521532731858604048e-01 2.905257365505527212e-02
9.408078589721692309e-01 3.517120149528153716e-02
9.347879680373640809e-01 3.756087661877893780e-02
9.145377390375336590e-01 4.968790498485738810e-02
8.840670010737496920e-01 6.963442463132049620e-02
8.490148568774700255e-01 9.306722902103704842e-02
8.098473148704359303e-01 1.197105253923833740e-01
7.710575188347146280e-01 1.462983717676559214e-01
7.335238092157970735e-01 1.715834842352285394e-01
6.981172944473459374e-01 1.957264360432059425e-01
6.614253065799536868e-01 2.207248044136617127e-01
6.194986219434719388e-01 2.494085476641671739e-01
5.752122091129434622e-01 2.791245320110353756e-01
5.345410127676103462e-01 3.048502399611698332e-01
4.958934202832812055e-01 3.281321251079407642e-01
4.551444978630413973e-01 3.519648610374940811e-01
4.126408480894590558e-01 3.759981891735131310e-01
3.747545663693174767e-01 3.959314124378474076e-01
3.368935269997516135e-01 4.145472624528193650e-01
2.991586314270965330e-01 4.318443912881436142e-01
2.619073655282463942e-01 4.473501114262825595e-01
2.254772120049785000e-01 4.613355120719697111e-01
1.898736474390366191e-01 4.731923882956741156e-01
1.573257223360077228e-01 4.832338575817752280e-01
1.270732257332982396e-01 4.916223386480599311e-01
9.827399036817936750e-02 4.977382070399209990e-01
7.081810204661975749e-02 5.027089608813251065e-01
4.592058636540805733e-02 5.059127413010611196e-01
2.427369856587494393e-02 5.085856545157489972e-01
4.030604716823796632e-03 5.099987717712317625e-01
-1.636017890965559343e-02 5.103990855991666908e-01
-3.137196136638761845e-02 5.097005005781285458e-01
-4.476975128904243234e-02 5.087790126942112190e-01
-5.651597673158234580e-02 5.082610823947983913e-01
-6.495610136297444437e-02 5.070511134040901480e-01
-7.138651345088173339e-02 5.055960034289105343e-01
-7.582384180886872493e-02 5.039125130172635858e-01
-8.030604597107453280e-02 5.024126866852528517e-01
-8.171610917578280009e-02 5.017983643434255070e-01
-8.040481456367717938e-02 5.016444839435485470e-01
-7.855854469366958803e-02 5.011346030389115525e-01
-7.593842838536193907e-02 5.008523319861655221e-01
-7.197333447933072781e-02 5.007589096983785515e-01
-6.672578931950005898e-02 5.013446422015770398e-01
-6.021380176942280754e-02 5.020611027873632670e-01
-5.324085378511028699e-02 5.022975058073997356e-01
-4.597536494356810333e-02 5.024884876386501720e-01
-3.878195508651573198e-02 5.033478694895875405e-01
-3.068831302071024086e-02 5.038200946573113681e-01
-2.287533342595925168e-02 5.042300492062989914e-01
-1.464086763058886596e-02 5.046542776775828631e-01
-6.232736181997980927e-03 5.045643838645850199e-01
2.279653551181455866e-04 5.040145107688874804e-01
7.384276577409061917e-03 5.039990487562601151e-01
1.436673774904437609e-02 5.037177196493071163e-01
2.020759344068757610e-02 5.030071725894874612e-01
2.549068880643485732e-02 5.026522962569712760e-01
3.132648984225819971e-02 5.022629320379957685e-01
3.542549637391316508e-02 5.021284947201822835e-01
3.802842353485554744e-02 5.015035400868791404e-01
4.096890641102494957e-02 5.006726670501170373e-01
4.492168800059183342e-02 5.002793829198904918e-01
4.743675774847352922e-02 4.999746274412514846e-01
4.776389697335250983e-02 4.995959420739488621e-01
4.722137119442239295e-02 4.998601986839935063e-01
4.589160947004475993e-02 5.004154257593353972e-01
4.532163680225024388e-02 5.003839189801057019e-01
4.428136630119742373e-02 5.008509671724628021e-01
4.234408291129283103e-02 5.008257998167064962e-01
4.061874519621244684e-02 5.011096202998287508e-01
3.676196844495786820e-02 5.018504625674151676e-01
3.393053995082145197e-02 5.025753996490219810e-01
3.092739142896334600e-02 5.030213348345597968e-01
2.830794287285485350e-02 5.028102578429538561e-01
2.536871267589425188e-02 5.027367229213524080e-01
2.224776408622030840e-02 5.029275683581210243e-01
1.876129666123789452e-02 5.029999899493040605e-01
1.590989954666701539e-02 5.029557110662593589e-01
1.264383188761175961e-02 5.029135502256703028e-01
9.617156893520214384e-03 5.025981297601019859e-01
7.093890791501287520e-03 5.021948645839655612e-01
4.865246550975584755e-03 5.017682054698410221e-01
3.943967567570864051e-03 5.014998337821122698e-01
1.782237432866892388e-03 5.014443358668090323e-01
3.558468864118524417e-04 5.011496393519371262e-01
-9.330978880773621109e-04 5.007477534855966361e-01
-3.823341602724040014e-03 5.011098746139873716e-01
-4.003423658564711322e-03 5.014622508372444942e-01
-3.039968333167387873e-03 5.005812981140388418e-01
-2.509534444822583178e-03 5.000686757035949226e-01
-2.466168008445218402e-03 5.001748751638764867e-01
-1.696420684923179070e-03 5.007980363810614621e-01
-1.734934224904182342e-03 5.007636536533190963e-01
-3.018901729007477264e-03 5.004032781578902078e-01
-2.952914143769943926e-03 5.006114088733739642e-01
-1.473032107504615657e-03 5.009655994275844515e-01
-1.134478720033005187e-03 5.006725240970008040e-01
-7.535121225857345506e-04 5.012245506602214240e-01
-3.584805978665594247e-04 5.010712503785660354e-01
6.700527910657886948e-04 5.007454884959112729e-01
5.944488339668870013e-04 5.010555333825653657e-01
1.424158151622754304e-03 5.013184433544904950e-01
2.059132205389811038e-03 5.014543342768043033e-01
1.565969422587589008e-03 5.011545254090485901e-01
1.053162456386725135e-03 5.014208204206721531e-01
2.127906798007966286e-03 5.013854256383167840e-01
3.275284849797807044e-03 5.015381866933711352e-01
3.805489773941731456e-03 5.012363762327882721e-01
3.311456439432835987e-03 5.016038587077166211e-01
2.863997609047073262e-03 5.015265668855054537e-01
3.771884774369400287e-03 5.011267681061769563e-01
4.197808229515083943e-03 5.014230758444884195e-01
2.098106464697464292e-03 5.016019110289537952e-01
2.818459030089066593e-04 5.011532204212943986e-01
1.045022992744121118e-03 5.012827617062162178e-01
5.444022775721866266e-04 5.017532191977647216e-01
-2.288084895785978722e-04 5.017503606533578742e-01
-4.454256990630474648e-04 5.019097780254475616e-01
-9.306979827855482246e-04 5.014270940791669684e-01
-8.075396453315040763e-04 5.013838127604195449e-01
-1.993632599543672911e-03 5.019710514333651785e-01
-3.125619733795616337e-03 5.029948791941317721e-01
-2.638749802869301987e-03 5.052965201196418787e-01
-1.541124967660680587e-03 5.108440422756542754e-01
-3.619288184401023875e-04 5.251309964025377974e-01
1.169111448505580407e-04 5.516176656615527918e-01
4.767979325119755109e-04 9.999998454461995756e-01
-4.715126045165633699e-21 5.225188548107372808e-34
2.068851480308998977e-04 3.497856973295773719e-02
4.270786131389425104e-04 6.435139512114475269e-02
6.035724095510097784e-04 7.970901505523272923e-02
6.124130188497850340e-04 8.861021232017830818e-02
1.353360779482612962e-04 1.139328124973603557e-01
-1.994038555066493426e-04 1.487910891258624191e-01
1.670272326535639337e-04 1.861065362121091804e-01
1.239231707381273709e-03 2.244352905666054943e-01
1.624003892066645544e-03 2.591693230118388702e-01
1.893668500673097426e-03 2.903557847224761401e-01
1.288898693920190967e-03 3.169041832033313577e-01
8.063935413080538031e-04 3.417911500721579343e-01
1.188395489990891037e-03 3.668115423094157612e-01
1.274070481603885438e-03 3.900048079194903261e-01
1.346761229307665659e-03 4.094139039172937644e-01
7.044766516255124419e-04 4.259571492067817933e-01
9.172805585608242475e-04 4.408778413270366681e-01
1.224085089311810525e-03 4.537279033213710289e-01
6.751457615282557530e-04 4.636272092964062175e-01
9.365318621173721698e-04 4.719546764353288459e-01
1.095134515998389627e-03 4.786585889172339514e-01
4.459614365912032753e-04 4.840542893547713499e-01
-2.410915300610815882e-04 4.878245257586769079e-01
2.485419951946922978e-04 4.907556181128370221e-01
7.716212354579505585e-04 4.920142350992081637e-01
7.324381184255072171e-04 4.922295917757480987e-01
-4.951011975065971793e-05 4.926040854045375394e-01
7.579284573529262875e-06 4.922759078975022518e-01
1.143381947059968163e-03 4.919773237494511342e-01
1.342695361904686210e-03 4.908234029527913100e-01
2.589268845677562087e-04 4.899849881909345006e-01
-1.226062092986129198e-03 4.893318284910571636e-01
-1.913470156521953020e-04 4.893153355729614740e-01
8.655174630924022082e-04 4.892159801996194823e-01
1.220173469060714899e-04 4.885449196362489088e-01
6.816200056110523903e-04 4.887291993570073156e-01
1.340053626837203358e-03 4.893062389422702663e-01
8.364233003025639416e-04 4.903376047581616270e-01
-1.891169675417778129e-04 4.911382888451846229e-01
-5.114436177918454474e-04 4.915239238886753848e-01
-4.883162458069185800e-04 4.918904156973599173e-01
5.663774690187634584e-04 4.926937035744156645e-01
6.295383643928708197e-04 4.933806991554777199e-01
5.845967339503998573e-04 4.940606600737094678e-01
1.381444480364005202e-03 4.942011909256341373e-01
1.663535014354055545e-03 4.943105004538516645e-01
1.580818628596454729e-03 4.948654792830564086e-01
1.743918678978577472e-03 4.953948095538964203e-01
1.320547938578056678e-03 4.951464192896429251e-01
1.117992752393971506e-03 4.952369555812156099e-01
1.016615549889552305e-03 4.952457091520869881e-01
1.323566146714961339e-03 4.951296882744712913e-01
1.395568586026965261e-03 4.953948943150773276e-01
2.048558907329931910e-03 4.959813134410487323e-01
3.524176105421364738e-03 4.959340766704384285e-01
3.026915196357637429e-03 4.960667877672074733e-01
1.764836344946969305e-03 4.965814386917413725e-01
1.677590923626896607e-03 4.966951869504864225e-01
1.276461385027429429e-03 4.967541623601290368e-01
2.264420463829393357e-03 4.966114845753901719e-01
2.831736787362246210e-03 4.970423528702846427e-01
1.952819308201870878e-03 4.976451408224475959e-01
2.675820103504724084e-03 4.976955716478065339e-01
3.914322031155660978e-03 4.977598772828762952e-01
3.568216589657731419e-03 4.981100085228810093e-01
3.613176610328479657e-03 4.978969610058656126e-01
1.840922195527856754e-03 4.974752180501728627e-01
2.798888456231056216e-03 4.975542691113961080e-01
3.302727064920950219e-03 4.971773580503550116e-01
3.601226631266115676e-03 4.973682826425079861e-01
2.179584022635602629e-03 4.972358193138600724e-01
2.216243924623688064e-03 4.967932560544224274e-01
2.088254992775475001e-03 4.962690307274075230e-01
1.172994790286183186e-03 4.960208584327491232e-01
1.714889271917501359e-03 4.963855344095351452e-01
3.507284117048928979e-03 4.966074771808685062e-01
2.513290428012878667e-03 4.965712247487197861e-01
1.558778094363812367e-03 4.966456667598478369e-01
2.521489716862375472e-03 4.967848788833121310e-01
3.210254831324141963e-03 4.969163503205557553e-01
3.025625691982320072e-03 4.973002989000692153e-01
2.293973078811709261e-03 4.977496225912543260e-01
8.408142875299909769e-04 4.982074897230069910e-01
1.254061054332631818e-03 4.984831114384218331e-01
2.796677516505659440e-03 4.985447391369135506e-01
2.024008444824209468e-03 4.988462101763348477e-01
1.093303639622886670e-03 4.992502533129063447e-01
8.724457433410161408e-04 4.988748190789800141e-01
-5.285227283050075763e-04 4.985215152153988916e-01
7.905446838940025306e-04 4.994089083209835023e-01
1.120860152879087643e-03 4.999238429832895680e-01
8.504750586761281430e-04 4.998183923210317570e-01
1.026103274123638717e-03 4.991981056664389627e-01
1.821649841957113892e-03 4.992300907226476236e-01
1.537842525472502518e-03 4.995853158946685912e-01
-3.963548317142261026e-04 4.993797871175846836e-01
-1.363182352560745030e-03 4.990304452730018325e-01
-1.550934102140223269e-03 4.993238562395665991e-01
-1.356334499287308493e-04 4.987749359492903989e-01
1.380133714772995967e-03 4.989267891434093771e-01
1.117466036268801232e-03 4.992528865969377838e-01
1.725917236614208955e-05 4.989441857317069573e-01
-1.531012082325241023e-04 4.986795777610890656e-01
-2.096962504322022035e-04 4.985414545365167149e-01
3.004142304223453080e-04 4.988430048827691698e-01
5.408448601307294049e-04 4.985778507012703642e-01
3.695678204413388164e-05 4.986101178009937906e-01
4.043117491353733352e-04 4.984509951285223117e-01
-1.071031265311389461e-03 4.987480676831977933e-01
-1.331292566603421929e-03 4.983834759843028817e-01
-1.036907081207699661e-04 4.984652926670540829e-01
6.806275266876562167e-04 4.988586143220672398e-01
-1.251035335249328466e-03 4.985578102555239810e-01
-1.572253979653664415e-03 4.983912877162283150e-01
-6.700386284475919236e-05 4.988467684349245923e-01
1.342123060800648124e-04 4.987162009872286861e-01
-3.607953257393531517e-04 4.982464270397480299e-01
1.595225957389379120e-05 4.982496595332482903e-01
-8.226618807841338090e-04 4.980894195830958271e-01
-7.231117050094137185e-04 4.985715896291521010e-01
6.576881406523210844e-04 4.986151753410790199e-01
1.427464685106458577e-03 4.980230091245477220e-01
1.134284741006439962e-03 4.969941374962662528e-01
9.850043354380220214e-04 4.946956194322327249e-01
1.001826687759136032e-03 4.891526517865346646e-01
7.053583767584335924e-04 4.748684478509953566e-01
-1.609958027524447169e-04 4.483823675414517762e-01
3.626814343626015982e-20 7.495223385742170543e-33
3.189811432411356062e-02 3.115595865867413009e-03
6.080431702376971892e-02 1.403359772955741457e-02
1.275211179489890434e-01 4.144869547691425876e-02
3.950295972657815735e-01 2.996312915047397718e-01
7.503833346489767742e-01 8.589990269749316898e-01
1.106274109422437757e+00 1.570289927740023517e+00
1.467239175494083003e+00 2.712159423562052307e+00
1.502002903002051193e+00 3.177357020262654874e+00
1.255001302328667467e+00 2.747805240922387426e+00
1.073711332678577879e+00 2.241035769711563042e+00
1.094209416517677447e+00 2.206558514540377214e+00
1.190507136988765424e+00 2.447155453568516492e+00
1.263768121046922266e+00 2.774525603822367348e+00
1.314450516998712182e+00 3.213975569127009990e+00
1.337788813545272903e+00 3.610875777349153992e+00
1.327763066918282275e+00 3.776179801751888387e+00
1.256467178015446606e+00 3.528176805592223353e+00
1.149916494575668136e+00 3.110686386872424158e+00
1.062120300974075615e+00 2.870199206157735716e+00
9.774698283844850399e-01 2.566640904386550570e+00
9.100789394193463666e-01 2.367012160987110203e+00
8.577150512439722929e-01 2.229019419625796861e+00
7.945966305689867726e-01 2.042024069652452756e+00
7.278774489836458139e-01 1.813814631532916666e+00
6.625555589423549607e-01 1.544978851632603289e+00
6.051620418604080065e-01 1.292809519747899927e+00
5.568885634833724563e-01 1.103354346565262878e+00
5.162118198601866048e-01 9.736149116067531750e-01
4.787352623342150948e-01 8.510192678917102294e-01
4.455692062826994149e-01 7.415764851159047932e-01
4.204171621320897945e-01 6.604143549475587349e-01
3.982212989289617977e-01 5.925323761906434727e-01
3.804867457031886335e-01 5.309126289726073811e-01
3.676771327758451280e-01 4.874361237378039280e-01
3.565055668417411727e-01 4.578426345457581870e-01
3.468382647973969890e-01 4.329369807322273056e-01
3.375323219129960917e-01 4.119619806599886802e-01
3.275528171055715476e-01 3.914556576611676331e-01
3.170434786890707346e-01 3.653056147044528856e-01
3.081508313570691659e-01 3.446493542570135404e-01
3.006106680649470730e-01 3.277770301282914578e-01
2.936289410375734210e-01 3.087962753285695694e-01
2.865775173918215790e-01 2.854731679596529403e-01
2.805917520899383621e-01 2.662105280657747208e-01
2.762720448966519138e-01 2.516267273947592198e-01
2.731001208270134595e-01 2.376232641199170492e-01
2.732455296636878694e-01 2.296169746445562432e-01
2.730255101274106644e-01 2.226761494821083154e-01
2.715990576902924669e-01 2.204620267698150782e-01
2.714540566086765527e-01 2.163219287957197090e-01
2.698912012918400216e-01 2.097703524139120090e-01
2.679780120323455028e-01 2.029190090887673381e-01
2.662685372827052199e-01 1.981963221315913015e-01
2.643787834272576798e-01 1.936994520435845468e-01
2.602130271968485786e-01 1.854189782361712613e-01
2.551943996683271876e-01 1.780044253824279443e-01
2.504951315825510449e-01 1.695214065751818322e-01
2.448718572052193676e-01 1.619058172737778412e-01
2.385742861502753442e-01 1.522029230195666438e-01
2.326669238513947302e-01 1.430467956050079925e-01
2.266261556669184607e-01 1.360000759267606663e-01
2.199534243944455125e-01 1.279223340779643281e-01
2.128564385927773084e-01 1.192787729827780585e-01
2.072189916277330513e-01 1.112061903214184577e-01
2.017970695803626147e-01 1.045783922140458427e-01
1.960004280675970989e-01 9.794663226575299475e-02
1.901192187640849962e-01 9.038032305711159176e-02
1.857812263849190071e-01 8.566712383516016105e-02
1.827617226659002947e-01 8.195703508178166230e-02
1.801179994144909702e-01 7.734742364855935748e-02
1.776120111432078208e-01 7.429735785246273372e-02
1.760335654173181275e-01 7.237317021555622620e-02
1.751845799571314088e-01 7.102166128900420927e-02
1.754007089869119296e-01 7.056829001844683313e-02
1.772276279423737333e-01 7.100959261440749348e-02
1.803537104744920017e-01 7.176454901391510210e-02
1.804736569352785869e-01 7.308253940099020129e-02
1.807190849161652846e-01 7.360294074624980365e-02
1.825304782899448974e-01 7.440976257207346234e-02
1.851990114633734474e-01 7.710266904931428744e-02
1.867425868867511607e-01 7.843734805871106774e-02
1.868340025202876176e-01 7.854981608758875022e-02
1.869574132337872840e-01 7.827831661034903576e-02
1.861884754616763005e-01 7.730748763589651018e-02
1.846764488814683913e-01 7.607858786524336614e-02
1.827907227870525231e-01 7.416468898569998636e-02
1.809635531588408008e-01 7.273804907393943697e-02
1.794184433906363674e-01 7.240822830522683495e-02
1.779746032083753815e-01 7.141741228862423518e-02
1.770756973470437312e-01 7.092210589463163184e-02
1.761211893709368759e-01 7.088848909034248247e-02
1.748538593654816176e-01 7.122453746639552385e-02
1.742885100663960352e-01 7.205445967313191258e-02
1.745777210261758861e-01 7.301601315015278371e-02
1.742640589191011835e-01 7.380861063103538733e-02
1.737085162595172205e-01 7.435303134160353711e-02
1.721708845377038499e-01 7.258730443541452915e-02
1.709870499116472597e-01 7.203004393604144073e-02
1.705950320798707842e-01 7.220010178507478560e-02
1.696692466477708050e-01 7.141825058790902958e-02
1.689493250106799960e-01 7.121758675105768766e-02
1.674199396543952223e-01 6.873426789456349439e-02
1.661947064902347115e-01 6.657905352441083335e-02
1.653803445697147045e-01 6.638043933731073432e-02
1.645200513452107771e-01 6.536492962123054140e-02
1.640115409070509733e-01 6.414833013672645301e-02
1.636008246347580020e-01 6.455398021267384767e-02
1.635981017987162556e-01 6.643817594790921155e-02
1.638692823933720344e-01 6.760992949245733796e-02
1.644434324402969383e-01 6.752944748230710337e-02
1.647602296554239731e-01 6.891383042662922731e-02
1.647582881230746088e-01 7.082870842559221836e-02
1.642652297016293783e-01 7.172600595696645986e-02
1.635334824143236943e-01 7.170486810073228856e-02
1.625420271163141583e-01 7.249307799372639582e-02
1.604180034218975204e-01 7.036669533146018563e-02
1.576859551416663063e-01 6.847130322566358229e-02
1.547180491957814708e-01 6.635349155752590100e-02
1.519195474309155969e-01 6.437434033098522745e-02
1.488295632418196734e-01 6.225101264909432830e-02
1.448346748393400940e-01 5.851949680424513300e-02
1.396858316099069963e-01 5.378410793746594282e-02
1.334472946544306149e-01 4.886748942601881751e-02
1.258237938745033757e-01 4.389179553339613016e-02
1.164430486289096678e-01 3.845580558666422677e-02
1.056367900870852083e-01 3.214152157227114642e-02
9.552429169164276812e-02 2.651834644113412048e-02
8.688145141333705745e-02 2.288570851632222569e-02
7.356368207808472448e-02 2.331400172890436134e-02
